PreprocessorDefinitions=
Techniques=ArcCabView@ArcCabView.fx
TechniqueSorting=ArcCabView@ArcCabView.fx

[ArcCabView.fx]
aperture_type=2
aspect=1.000000,1.000000
BackgroundBrightness=0.000000
BEZEL_BACK=1
Bezel_ratio=16.000000,9.000000
Bezel_trans=0.000000,0.000000
Bezel_zoom=100.000000,100.000000
bg_col=0.000000,0.000000,0.000000
BLOOM=1
BloomBlurContrast=0.850000
BloomBlurOffset=2.000000
BloomStrength=0.220000
BLUR_BACKGROUND=0
buffer_offset=0.000000,0.000000
CenterLocked_ratio=2.000000,3.000000
cornersize=0.015000
cornersmooth=175.000000
CROP_OFF=0
Crop_ratio=0.000000,0.000000
CRTgamma=2.400000
CRT_EFFECT=0
CRT_EFFECT_OFF=0
CURVATURE=0
CURVATURE_OFF=1
curv_boost=1.250000
d=2.400000
dotbright=0.330000
dotmask=0.220000
EXPAND_CROP=0
Extern_offset=0.000000,0.000000
Extern_scale=1.000000,1.000000
EXT_DISPLAY=1
FrameBrightness=0.000000
FrameColor=0.000000,0.000000,0.000000
Frame_size=0.033000,0.033000
FULL_STRETCH=0
GameBrightness=0.000000
GameScreen_trans=0.000000,0.000000
GameScreen_zoom=100.000000,100.000000
GameVideo_resolution=0,0
h_starts=0.000000,100.000000
InGame_offset=0.000000,0.000000
InGame_ratio=4.000000,4.000000
InGame_scale=1.000000,1.000000
Intern_offset=0.000000,0.000000
Intern_scale=1.000000,1.000000
lum=0.880000
monitorgamma=2.200000
NO_ROTATE=1
OffGame_offset=0.000000,0.000000
OffGame_ratio=0.000000,0.000000
OffGame_scale=1.000000,1.000000
OVERSAMPLE=1
ovs_boost=1.000000
PIXEL_TEST=0
R=2.400000
ReflectionFallOff=0.400000
ReflectionIntensity=0.250000
ReflectionStretch=1.000000
ROTATED_180=0
test_color=0.000000,0.000000,0.000000
test_color2=0.000000,0.000000,0.000000
test_epsilon=0.010000
test_pixel=0,0
test_pixel2=0,0
TEXTURE_CROP=0
TEXTURE_ROUND=0
texture_size=0.000000,0.000000
tilt=0.000000,0.000000
USE_BEZEL=1
USE_BEZEL_OFF=0
USE_FRAME=1
USE_FRAME_OFF=1
VERTICAL_SCANLINES=0
v_starts=0.000000,100.000000

